

*************** 2) Find out the number of process is in run queue and blocking queue.*******************************


  ubuntu@ip-172-31-91-242:~$ fg %:~$ vmstat 1
  procs -----------memory---------- ---swap-- -----io---- -system-- ------cpu-----
 r  b   swpd   free   buff  cache   si   so    bi    bo   in   cs us sy id wa st
 0  0      0 305920  46644 955384    0    0   175    10  109  331  2  1 97  0  0
 0  0      0 305920  46644 955384    0    0     0     0  124  394  5  0 95  0  0
 0  0      0 305912  46644 955424    0    0     0     0  247 1046 10  2 88  0  0
 1  0      0 305912  46644 955424    0    0     0     0  285 1402  9  3 87  0  0
 0  0      0 305912  46644 955424    0    0     0     0  262 1297 10  2 87  0  0
 0  0      0 305912  46644 955424    0    0     0     0  110  248  7  1 92  0  0
 0  0      0 305912  46644 955424    0    0     0     0  111  226  6  0 94  0  0
 0  0      0 305912  46644 955424    0    0     0     0  194  726  9  1 90  0  0
 0  0      0 305912  46644 955424    0    0     0     0  120  304  7  1 92  0  0
 0  0      0 305912  46644 955424    0    0     0     0  113  247  6  0 94  0  0
 0  0      0 305912  46644 955424    0    0     0     0  128  297  7  0 93  0  0





